trial: 0
time: 2020-02-25 06:43:03.807151
time elapse: 0:01:37.603066
features: [u'hasdog', u'extracurriculars', u'job', u'studytime', u'age', u'skateboards', u'brownhair', u'extraclasses']
accuracytest: 0.54
accuracyTrain: 0.69
accuracyValidation: 0.57
MI: 1.9312708352146248
AUC: {'A': 0.7799145299145299, 'C': 0.5991071428571428, 'B': 0.6901709401709402, 'F': 0.9034090909090908}

